                               255
                          254
                               253
                     252
                               251
                          250
                                    249
                               248
                                    247
                246
                                    245
                               244
                                    243
                          242
                               241
                                    240
                     239
                               238
                          237
                               236
                                    235
           234
                                    233
                                         232
                               231
                                    230
                                         229
                          228
                                    227
                               226
                     225
                                         224
                                    223
                               222
                                    221
                          220
                                    219
                               218
                                    217
                216
                               215
                          214
                               213
                     212
                               211
                                    210
                          209
                                    207
                               206
      205
                                    204
                               203
                                    202
                          201
                                    199
                               198
                                    197
                     196
                               195
                                    194
                          193
                               192
                                    191
                190
                                    189
                                         188
                               187
                                    186
                          185
                                    183
                               182
                                    180
                     179
                               178
                          175
                                    174
                               173
                                    172
           171
                               168
                          167
                               166
                     165
                          162
                               160
                159
                               158
                          156
                     155
                                    154
                               153
                          150
                               149
                                    148
 147
                               146
                                    145
                          144
                                    143
                               142
                                    141
                     140
                               139
                          138
                                    137
                               136
                                    135
                134
                                    133
                               132
                                    131
                          130
                               129
                     128
                                    127
                                         125
                               124
                                    122
                          121
                                    120
                               119
                                    118
           116
                               115
                          114
                     111
                               110
                          109
                                    108
                               107
                                    106
                105
                                    103
                               100
                           99
                                98
                      97
                                96
                           95
                                94
       93
                                     91
                                          90
                                84
                                          78
                                     77
                                          76
                           75
                                     72
                                70
                                     69
                      67
                                          66
                                     64
                                63
                                     62
                           58
                                          56
                                     55
                                54
                                     53
                 49
                                     48
                                47
                                     46
                           45
                                     44
                                43
                      42
                                     40
                                38
                                     36
                           35
                                     34
                                32
                                     27
            26
                                25
                                     24
                           23
                                     21
                                          20
                                19
                                     17
                      16
                                     15
                                14
                           13
                                11
                 10
                                 8
                                      7
                            5
                                      4
                                 3
                       2
                            1
                                 0

Is balanced(0 - no, 1 - yes): 1

Inorder print:
0 1 2 3 4 5 7 8 10 11 13 14 15 16 17 19 20 21 23 24 25 26 27 32 34 35 36 38 40 42 43 44 45 46 47 48 49 53 54 55 56 58 62 63 64 66 67 69 70 72 75 76 77 78 84 90 91 93 94 95 96 97 98 99 100 103 105 106 107 108 109 110 111 114 115 116 118 119 120 121 122 124 125 127 128 129 130 131 132 133 134 135 136 137 138 139 140 141 142 143 144 145 146 147 148 149 150 153 154 155 156 158 159 160 162 165 166 167 168 171 172 173 174 175 178 179 180 182 183 185 186 187 188 189 190 191 192 193 194 195 196 197 198 199 201 202 203 204 205 206 207 209 210 211 212 213 214 215 216 217 218 219 220 221 222 223 224 225 226 227 228 229 230 231 232 233 234 235 236 237 238 239 240 241 242 243 244 245 246 247 248 249 250 251 252 253 254 255 
Done.
